- - -

# 판다스 입문 : 데이터프레임 열람

### Pandas Primer: Accessing DataFrame 

* * *

**박 진 수** 교수  
Intelligent Data Semantics Lab  
Seoul National University

- - -

<h3>Table of Contents<span class="tocSkip"></span></h3>
<div class="toc"><ul class="toc-item"><li><span><a href="#데이터프레임-크기" data-toc-modified-id="데이터프레임-크기-1">데이터프레임 크기</a></span></li><li><span><a href="#인덱스와-열-제목-열람" data-toc-modified-id="인덱스와-열-제목-열람-2">인덱스와 열 제목 열람</a></span></li><li><span><a href="#부분-열람" data-toc-modified-id="부분-열람-3">부분 열람</a></span></li><li><span><a href="#셀-데이터-열람" data-toc-modified-id="셀-데이터-열람-4">셀 데이터 열람</a></span></li><li><span><a href="#열(컬럼)-데이터-열람" data-toc-modified-id="열(컬럼)-데이터-열람-5">열(컬럼) 데이터 열람</a></span><ul class="toc-item"><li><span><a href="#단일-열" data-toc-modified-id="단일-열-5.1">단일 열</a></span></li><li><span><a href="#복수-열" data-toc-modified-id="복수-열-5.2">복수 열</a></span></li><li><span><a href="#Lab:-데이터프레임에서-열-데이터-열람" data-toc-modified-id="Lab:-데이터프레임에서-열-데이터-열람-5.3">Lab: 데이터프레임에서 열 데이터 열람</a></span></li></ul></li><li><span><a href="#행-데이터-열람" data-toc-modified-id="행-데이터-열람-6">행 데이터 열람</a></span><ul class="toc-item"><li><span><a href="#전체-행" data-toc-modified-id="전체-행-6.1">전체 행</a></span></li><li><span><a href="#부분-행:-행-분할(slicing)" data-toc-modified-id="부분-행:-행-분할(slicing)-6.2">부분 행: 행 분할(slicing)</a></span></li></ul></li><li><span><a href="#행과-열-데이터-열람" data-toc-modified-id="행과-열-데이터-열람-7">행과 열 데이터 열람</a></span><ul class="toc-item"><li><span><a href="#Selection-by-Label:-loc[]" data-toc-modified-id="Selection-by-Label:-loc[]-7.1">Selection by Label: <strong>loc[]</strong></a></span></li><li><span><a href="#Selection-by-Position:-iloc[]" data-toc-modified-id="Selection-by-Position:-iloc[]-7.2">Selection by Position: <strong>iloc[]</strong></a></span></li><li><span><a href="#특정-조건으로-열람-:-불린-인덱싱" data-toc-modified-id="특정-조건으로-열람-:-불린-인덱싱-7.3">특정 조건으로 열람 : 불린 인덱싱</a></span><ul class="toc-item"><li><span><a href="#isin()-메소드" data-toc-modified-id="isin()-메소드-7.3.1"><strong>isin()</strong> 메소드</a></span></li><li><span><a href="#isna()-메소드" data-toc-modified-id="isna()-메소드-7.3.2"><strong>isna()</strong> 메소드</a></span></li></ul></li></ul></li><li><span><a href="#특정-셀-데이터-열람" data-toc-modified-id="특정-셀-데이터-열람-8">특정 셀 데이터 열람</a></span><ul class="toc-item"><li><span><a href="#Selection-by-Label:-at[]" data-toc-modified-id="Selection-by-Label:-at[]-8.1">Selection by Label: <strong>at[]</strong></a></span></li><li><span><a href="#Selection-by-Position:-iat[]" data-toc-modified-id="Selection-by-Position:-iat[]-8.2">Selection by Position: <strong>iat[]</strong></a></span></li></ul></li><li><span><a href="#정렬(sorting)" data-toc-modified-id="정렬(sorting)-9">정렬(sorting)</a></span></li><li><span><a href="#전치(transpose)" data-toc-modified-id="전치(transpose)-10">전치(transpose)</a></span></li><li><span><a href="#데이터-요약-정보-열람" data-toc-modified-id="데이터-요약-정보-열람-11">데이터 요약 정보 열람</a></span></li></ul></div>


```python
import pandas  # as pd
import numpy   # as np 
pandas.__version__
```

# 데이터프레임 크기

DataFrame.**ndim**
- 데이터프레임의 데이터 차원을 알려준다.

DataFrame.**shape**
- 데이터프레임의 차원 형태를 (행의 개수, 열의 개수) 형식으로 알려준다.

DataFrame.**size**
- 데이터프레임의 총 데이터 개수 (행 x 열)를 알려준다.


```python
n = 4, 0, 3, 0, 2, 5, 3, 0, 1, 2
integers = 73, -29, 85, -32, 97, 11, 55, -78, 49, 61
floats = 0.35,  0.12,  0.71, -0.09, -1.21, 1.32, -0.65, 0.34, -1.23, -0.79
grades = list('AAABBb') + [numpy.nan] + list('CAB')

df = pandas.DataFrame({'A': integers,
                       'B': floats,
                       'C': n,
                       'D': pandas.Categorical(grades),
                       'E': pandas.date_range('2050-4-10', periods=10)},
                      index=list('abcdefghij'))
print(df)
```

        A     B  C    D          E
    a  73  0.35  4    A 2050-04-10
    b -29  0.12  0    A 2050-04-11
    c  85  0.71  3    A 2050-04-12
    d -32 -0.09  0    B 2050-04-13
    e  97 -1.21  2    B 2050-04-14
    f  11  1.32  5    b 2050-04-15
    g  55 -0.65  3  NaN 2050-04-16
    h -78  0.34  0    C 2050-04-17
    i  49 -1.23  1    A 2050-04-18
    j  61 -0.79  2    B 2050-04-19



```python
# 데이터프레임의 데이터 차원
__TODO__
```

**실행 결과**
<pre>2</pre>


```python
# (행의 개수, 열의 개수)
__TODO__
```

**실행 결과**
<pre>(10, 5)</pre>


```python
# 데이터프레임의 총 데이터 개수 (행 x 열)
__TODO__
```




    50



**실행 결과**
<pre>50</pre>

# 인덱스와 열 제목 열람 

인덱스(행)과 열(컬럼)의 정보만 열람이 가능한다.

[pandas.DataFrame.index](https://pandas.pydata.org/pandas-docs/stable/reference/api/pandas.DataFrame.index.html#pandas.DataFrame.index)
- The index (row labels) of the DataFrame.
- DataFrame.**index**

[pandas.DataFrame.columns](https://pandas.pydata.org/pandas-docs/stable/reference/api/pandas.DataFrame.columns.html#pandas.DataFrame.columns)
- The column labels of the DataFrame.
- DataFrame.**columns**


```python
# 인덱스 정보를 열람한다.
__TODO__
```

**실행 결과**
<pre>Index(['a', 'b', 'c', 'd', 'e', 'f', 'g', 'h', 'i', 'j'], dtype='object')</pre>


```python
# 열 이름 정보를 열람한다.
__TODO__
```

**실행 결과**
<pre>Index(['A', 'B', 'C', 'D', 'E'], dtype='object')</pre>

# 부분 열람 

**head()**와 **tail()** 메소드
- **head()**와 **tail()** 메소드로 데이터의 일부만 열람할 수 있다.
- 전달인자가 없으면 기본값인 상위 혹은 하위 **5**개의 데이터만 보여준다.

[pandas.DataFrame.head](https://pandas.pydata.org/pandas-docs/stable/reference/api/pandas.DataFrame.head.html#pandas.DataFrame.head)
- Return the first n rows.
- DataFrame.**head**(*n=5*)

[pandas.DataFrame.tail](https://pandas.pydata.org/pandas-docs/stable/reference/api/pandas.DataFrame.tail.html#pandas.DataFrame.tail)
- Return the last n rows.
- DataFrame.**tail**(*n=5*)


```python
# 첫 2행만 보여준다.
__TODO__
```

**실행 결과**
<pre>
A     B  C  D          E
a  73  0.35  4  A 2050-04-10
b -29  0.12  0  A 2050-04-11
</pre>


```python
# 마지막 5행만 보여준다.
__TODO__
```

**실행 결과**
<pre>
    A     B  C    D          E
f  11  1.32  5    b 2050-04-15
g  55 -0.65  3  NaN 2050-04-16
h -78  0.34  0    C 2050-04-17
i  49 -1.23  1    A 2050-04-18
j  61 -0.79  2    B 2050-04-19
</pre>


```python
# 마지막 2행만 제외하고 모두 보여준다.
__TODO__
```

**실행 결과**
<pre>
    A     B  C    D          E
a  73  0.35  4    A 2050-04-10
b -29  0.12  0    A 2050-04-11
c  85  0.71  3    A 2050-04-12
d -32 -0.09  0    B 2050-04-13
e  97 -1.21  2    B 2050-04-14
f  11  1.32  5    b 2050-04-15
g  55 -0.65  3  NaN 2050-04-16
h -78  0.34  0    C 2050-04-17
</pre>


```python
# 첫 3행만 제외하고 모두 보여준다.
__TODO__
```

**실행 결과**
<pre>
    A     B  C    D          E
d -32 -0.09  0    B 2050-04-13
e  97 -1.21  2    B 2050-04-14
f  11  1.32  5    b 2050-04-15
g  55 -0.65  3  NaN 2050-04-16
h -78  0.34  0    C 2050-04-17
i  49 -1.23  1    A 2050-04-18
j  61 -0.79  2    B 2050-04-19
</pre>

# 셀 데이터 열람 

데이터프레임 내의 값들만 열람 할 수 있다.
- 인덱스와 열 제목은 포함하지 않는다.

[pandas.DataFrame.values](https://pandas.pydata.org/pandas-docs/stable/reference/api/pandas.DataFrame.values.html#pandas.DataFrame.values)
- Return a Numpy representation of the DataFrame.
- DataFrame.**values**


```python
# 모든 셀의 데이터를 열람한다.
__TODO__
```

**실행 결과**
<pre>
[[73 0.35 4 'A' Timestamp('2050-04-10 00:00:00')]
 [-29 0.12 0 'A' Timestamp('2050-04-11 00:00:00')]
 [85 0.71 3 'A' Timestamp('2050-04-12 00:00:00')]
 [-32 -0.09 0 'B' Timestamp('2050-04-13 00:00:00')]
 [97 -1.21 2 'B' Timestamp('2050-04-14 00:00:00')]
 [11 1.32 5 'b' Timestamp('2050-04-15 00:00:00')]
 [55 -0.65 3 nan Timestamp('2050-04-16 00:00:00')]
 [-78 0.34 0 'C' Timestamp('2050-04-17 00:00:00')]
 [49 -1.23 1 'A' Timestamp('2050-04-18 00:00:00')]
 [61 -0.79 2 'B' Timestamp('2050-04-19 00:00:00')]]
</pre>

하지만 추천하는 방식은 **to_numpy()** 메소드를 사용하는 것이다.

[pandas.DataFrame.to_numpy](https://pandas.pydata.org/pandas-docs/stable/reference/api/pandas.DataFrame.to_numpy.html#pandas.DataFrame.to_numpy)
- Convert the DataFrame to a NumPy array
- DataFrame.**to_numpy**(*dtype=None, copy=False*)


```python
# 모든 셀의 데이터를 열람한다.
__TODO__
```

**실행 결과**
<pre>
[[73 0.35 4 'A' Timestamp('2050-04-10 00:00:00')]
 [-29 0.12 0 'A' Timestamp('2050-04-11 00:00:00')]
 [85 0.71 3 'A' Timestamp('2050-04-12 00:00:00')]
 [-32 -0.09 0 'B' Timestamp('2050-04-13 00:00:00')]
 [97 -1.21 2 'B' Timestamp('2050-04-14 00:00:00')]
 [11 1.32 5 'b' Timestamp('2050-04-15 00:00:00')]
 [55 -0.65 3 nan Timestamp('2050-04-16 00:00:00')]
 [-78 0.34 0 'C' Timestamp('2050-04-17 00:00:00')]
 [49 -1.23 1 'A' Timestamp('2050-04-18 00:00:00')]
 [61 -0.79 2 'B' Timestamp('2050-04-19 00:00:00')]]
</pre>

# 열(컬럼) 데이터 열람 

## 단일 열

열 이름을 넣어 특정 단일 열의 데이터만 열람이 가능하다.
- DataFrame[**'열이름'**] 또는 DataFrame.**열이름**
- pandas.**Series**로 결과를 반환한다. 


```python
# --- 'A' 열의 데이터만 열람한다.
x = __TODO__
print(x)
```

**실행 결과**
<pre>
a    73
b   -29
c    85
d   -32
e    97
f    11
g    55
h   -78
i    49
j    61
Name: A, dtype: int64
</pre>


```python
# 자료형을 확인한다.
type(x)
```

**실행 결과**
<pre>
pandas.core.series.Series
</pre>

## 복수 열

한 개 이상의 열 이름을 넣어 지정한 열의 데이터만 열람이 가능하다.
- DataFrame[**['열이름', '열이름', ...]**]
- **pandas.DataFrame**으로 결과를 반환한다. 


```python
# --- 'C'와 'A' 열의 데이터만 열람한다.
y = __TODO__
print(y)
```

**실행 결과**
<pre>
   C   A
a  4  73
b  0 -29
c  3  85
d  0 -32
e  2  97
f  5  11
g  3  55
h  0 -78
i  1  49
j  2  61
</pre>


```python
# 자료형을 확인한다.
type(y)
```

**실행 결과**
<pre>
pandas.core.frame.DataFrame
</pre>

## Lab: 데이터프레임에서 열 데이터 열람 

- - -

- 앞서 < 판다스 입문 : 데이터프레임 구성 >의 <  Lab: 데이터프레임 구성하기 >에서 만든 데이터프레임에서 'Title' 컬럼의 데이터만 열람해서 추출한다.
- 추출한 데이터는 모두 소문자(lowercase)로 변환한 뒤 리스트 형식으로 변수에 할당한 후 출력한다.

- - -

**실행 예**

<pre>['skyfall',
 'lose yourself',
 'another brick in the wall',
 'use somebody',
 'treasure']</pre>

**답**


```python
# Your answer here
```

# 행 데이터 열람 

## 전체 행


```python
# 전체 행 데이터를 열람한다.
__TODO__
```

**실행 결과**
<pre>
    A     B  C    D          E
a  73  0.35  4    A 2050-04-10
b -29  0.12  0    A 2050-04-11
c  85  0.71  3    A 2050-04-12
d -32 -0.09  0    B 2050-04-13
e  97 -1.21  2    B 2050-04-14
f  11  1.32  5    b 2050-04-15
g  55 -0.65  3  NaN 2050-04-16
h -78  0.34  0    C 2050-04-17
i  49 -1.23  1    A 2050-04-18
j  61 -0.79  2    B 2050-04-19
</pre>

##  부분 행: 행 분할(slicing)

분할 연산자 **[::]** 를 통해 열을 기준으로 일부 또는 전체 데이터를 열람할 수 있다.
- DataFrame[**시작:끝:폭**]

**[참고]**  
- 분할 연산 시 **숫자**를 사용하면 파이썬의 분할 연산처럼 **[시작:끝]**에서 **끝** 값은 포함하지 않는다.
- 분할 연산 시 **인덱스 이름**을 사용하면 **[시작:끝]**에서 **끝** 값도 포함한다.


```python
# 분할 연산자를 사용하여 전체 행 데이터를 열람한다.
__TODO__
```

**실행 결과**
<pre>
    A     B  C    D          E
a  73  0.35  4    A 2050-04-10
b -29  0.12  0    A 2050-04-11
c  85  0.71  3    A 2050-04-12
d -32 -0.09  0    B 2050-04-13
e  97 -1.21  2    B 2050-04-14
f  11  1.32  5    b 2050-04-15
g  55 -0.65  3  NaN 2050-04-16
h -78  0.34  0    C 2050-04-17
i  49 -1.23  1    A 2050-04-18
j  61 -0.79  2    B 2050-04-19
</pre>


```python
# 첫 5개 행 데이터를 열람한다.
__TODO__
```

**실행 결과**
<pre>
    A     B  C  D          E
a  73  0.35  4  A 2050-04-10
b -29  0.12  0  A 2050-04-11
c  85  0.71  3  A 2050-04-12
d -32 -0.09  0  B 2050-04-13
e  97 -1.21  2  B 2050-04-14
</pre>


```python
# 짝수 행 데이터만 열람한다.
__TODO__
```

**실행 결과**
<pre>
    A     B  C  D          E
b -29  0.12  0  A 2050-04-11
d -32 -0.09  0  B 2050-04-13
f  11  1.32  5  b 2050-04-15
h -78  0.34  0  C 2050-04-17
j  61 -0.79  2  B 2050-04-19
</pre>


```python
# --- 인덱스로 행 데이터를 열람한다. 
# 첫 5개 행 데이터를 열람한다. 
# 파이썬 분할 연산과 달리 end도 포함한다.
__TODO__
```

**실행 결과**
<pre>
    A     B  C  D          E
a  73  0.35  4  A 2050-04-10
b -29  0.12  0  A 2050-04-11
c  85  0.71  3  A 2050-04-12
d -32 -0.09  0  B 2050-04-13
e  97 -1.21  2  B 2050-04-14
</pre>


```python
# --- 인덱스로 행 데이터를 열람한다. 
# 홀수 행 데이터만 열람한다.
__TODO__
```

**실행 결과**
<pre>
    A     B  C    D          E
a  73  0.35  4    A 2050-04-10
c  85  0.71  3    A 2050-04-12
e  97 -1.21  2    B 2050-04-14
g  55 -0.65  3  NaN 2050-04-16
i  49 -1.23  1    A 2050-04-18
</pre>

# 행과 열 데이터 열람 

## Selection by Label: **loc[]**

행과 열의 이름으로 데이터를 열람한다.
- DataFrame.**loc[인덱스[, 열이름]]**
    + ***인덱스*** 와 ***열이름*** 의 범위에 해당하는 데이터프레임을 반환한다.

[pandas.DataFrame.loc](https://pandas.pydata.org/pandas-docs/stable/reference/api/pandas.DataFrame.loc.html#pandas.DataFrame.loc)
- Access a group of rows and columns by label(s) or a boolean array.
- DataFrame.**loc**

**[참고]**
- 판다스 **loc**에서 활용할때는 **[시작:끝]**에서 **끝** 값도 포함한다.


```python
# 인덱스 'e' 행의 데이터를 열람한다.
__TODO__
```

**실행 결과**
<pre>
A                     97
B                  -1.21
C                      2
D                      B
E    2050-04-14 00:00:00
Name: e, dtype: object
</pre>


```python
# 인덱스 'e', 'f', 'g' 행의 데이터를 열람한다.
__TODO__
```

**실행 결과**
<pre>
    A     B  C    D          E
e  97 -1.21  2    B 2050-04-14
f  11  1.32  5    b 2050-04-15
g  55 -0.65  3  NaN 2050-04-16
</pre>


```python
# --- 지정한 행과 지정한 열의 데이터를 열람한다.
# 인덱스 'a', 'c', 'i', 'j' 행의 'A', 'B', 'C' 열 데이터를 열람한다.
__TODO__
```

**실행 결과**
<pre>
    A     B  C
a  73  0.35  4
c  85  0.71  3
i  49 -1.23  1
j  61 -0.79  2
</pre>


```python
# --- 지정한 행과 지정한 열의 데이터를 열람한다.
# 인덱스 'j' 행부터 거꾸로 하나씩 건너 뛰면서 'C'와 'B' 열 데이터를 열람한다.
__TODO__
```

**실행 결과**
<pre>
   C     B
j  2 -0.79
h  0  0.34
f  5  1.32
d  0 -0.09
b  0  0.12
</pre>


```python
# --- 지정한 행과 지정한 열의 데이터를 열람한다.
# 인덱스 'f' 행 'B' 열의 데이터를 열람한다.
__TODO__
```

**실행 결과**
<pre>1.32</pre>

## Selection by Position: **iloc[]**

정수 인덱스로 데이터를 열람한다.
- DataFrame.**iloc[행번호[, 열번호]]**
    + ***행번호*** 와 ***열번호*** 의 범위에 해당하는 데이터프레임을 반환한다.

[pandas.DataFrame.iloc](https://pandas.pydata.org/pandas-docs/stable/reference/api/pandas.DataFrame.iloc.html#pandas.DataFrame.iloc)
- Purely integer-location based indexing for selection by position.
- DataFrame.**iloc**

**[참고]**
- 파이썬의 분할 연산처럼 **[시작:끝]**에서 **끝** 값은 포함하지 않는다.


```python
# 첫 번째 행의 데이터를 열람한다.
__TODO__
```

**실행 결과**
<pre>
A                     73
B                   0.35
C                      4
D                      A
E    2050-04-10 00:00:00
Name: a, dtype: object
</pre>


```python
# 첫 두 행의 데이터를 열람한다.
__TODO__
```

**실행 결과**
<pre>
    A     B  C  D          E
a  73  0.35  4  A 2050-04-10
b -29  0.12  0  A 2050-04-11
</pre>


```python
# 마지막 행의 첫 세 열의 데이터를 열람한다.
__TODO__
```

**실행 결과**
<pre>
A      61
B   -0.79
C       2
Name: j, dtype: object
</pre>


```python
# --- 지정한 행과 지정한 열의 데이터를 열람한다.
# 9번째 행부터 100번째 행(10행뿐임)에서 
# 마지막과 세 번째, 첫 번째 열의 데이터를 열람한다. 
__TODO__
```

**실행 결과**
<pre>
           E  C   A
i 2050-04-18  1  49
j 2050-04-19  2  61
</pre>


```python
# --- 지정한 행과 지정한 열의 데이터를 열람한다.
# 5번째, 8번째, 마지막 행에서 첫 번째, 
# 세 번째 열의 데이터를 열람한다.
__TODO__
```

**실행 결과**
<pre>
    A  C
e  97  2
h -78  0
j  61  2
</pre>

## 특정 조건으로 열람 : 불린 인덱싱

SQL의 **SELCT…FROM…WHERE** 구문과 유사하다.
- **SELECT** 프로젝션(projection)과 **WHERE** 조건문 사용


```python
print(df)
```

        A     B  C    D          E
    a  73  0.35  4    A 2050-04-10
    b -29  0.12  0    A 2050-04-11
    c  85  0.71  3    A 2050-04-12
    d -32 -0.09  0    B 2050-04-13
    e  97 -1.21  2    B 2050-04-14
    f  11  1.32  5    b 2050-04-15
    g  55 -0.65  3  NaN 2050-04-16
    h -78  0.34  0    C 2050-04-17
    i  49 -1.23  1    A 2050-04-18
    j  61 -0.79  2    B 2050-04-19



```python
# SELECT *
#   FROM df 
#  WHERE A < 0

# 'A' 열의 값이 음수인 행을 열람한다.
__TODO__
```

**실행 결과**
<pre>
    A     B  C  D          E
b -29  0.12  0  A 2050-04-11
d -32 -0.09  0  B 2050-04-13
h -78  0.34  0  C 2050-04-17
</pre>


```python
# SELECT * 
#   FROM df 
#  WHERE A > 0 AND C < 0

# 'A'열의 값이 양수이면서 'B' 열의 값이 음수인 행을 열람한다.
# AND는 '&'를 사용한다.
__TODO__
```

**실행 결과**
<pre>
    A     B  C    D          E
e  97 -1.21  2    B 2050-04-14
g  55 -0.65  3  NaN 2050-04-16
i  49 -1.23  1    A 2050-04-18
j  61 -0.79  2    B 2050-04-19
</pre>


```python
# SELECT * 
#   FROM df 
#  WHERE B > 1 OR A <= -1

# 'B'열의 값이 1보다 크거나 'A' 열의 값이 -50보다 작은 행을 열람한다.
# OR는 '|'를 사용한다.
__TODO__
```

**실행 결과**
<pre>
    A     B  C  D          E
f  11  1.32  5  b 2050-04-15
h -78  0.34  0  C 2050-04-17
</pre>


```python
# --- 전체 데이터에서 조건을 만족하는 셀을 열람한다.
# 먼저 수치로만 이루어진 데이터프레임을 생성한다.
df2 = pandas.DataFrame(numpy.random.randn(10, 3),  # shape of (10, 3)
                       index=list('abcdefghij'), 
                       columns=list('ABC'))
print(df2)
```

              A         B         C
    a -0.467274  0.067224 -0.721444
    b  1.311893 -2.039458  0.404181
    c -0.009173  1.283583  0.056307
    d -0.622014  0.561211 -0.731194
    e -0.314969  1.906028 -1.239125
    f  0.461976  2.227478 -1.103384
    g -0.280914 -0.957632  0.083717
    h -2.730196 -2.060544  0.214765
    i  0.175987 -1.182580 -1.579148
    j -0.557235  1.043510  0.736243



```python
# df2 전체 데이터에서 0보다 큰 값을 가진 조건을 만족하는 셀을 열람한다.
__TODO__
```

**실행 결과**
<pre>
          A         B         C
a       NaN  0.067224       NaN
b  1.311893       NaN  0.404181
c       NaN  1.283583  0.056307
d       NaN  0.561211       NaN
e       NaN  1.906028       NaN
f  0.461976  2.227478       NaN
g       NaN       NaN  0.083717
h       NaN       NaN  0.214765
i  0.175987       NaN       NaN
j       NaN  1.043510  0.736243
</pre>

### **isin()** 메소드 

지정한 값들 가진 데이터만 열람한다.

[pandas.DataFrame.isin](https://pandas.pydata.org/pandas-docs/stable/reference/api/pandas.DataFrame.isin.html#pandas.DataFrame.isin)
- Whether each element in the DataFrame is contained in values.
- DataFrame.**isin**(*self, values*)
    - **values** : *iterable*, *Series*, *DataFrame* or *dict*


```python
print(df)  
```

        A     B  C    D          E
    a  73  0.35  4    A 2050-04-10
    b -29  0.12  0    A 2050-04-11
    c  85  0.71  3    A 2050-04-12
    d -32 -0.09  0    B 2050-04-13
    e  97 -1.21  2    B 2050-04-14
    f  11  1.32  5    b 2050-04-15
    g  55 -0.65  3  NaN 2050-04-16
    h -78  0.34  0    C 2050-04-17
    i  49 -1.23  1    A 2050-04-18
    j  61 -0.79  2    B 2050-04-19



```python
# C 열에서 1 또는 3을 포한한 데이터만 열람한다.
__TODO__
```

**실행 결과**
<pre>
    A     B  C    D          E
c  85  0.71  3    A 2050-04-12
g  55 -0.65  3  NaN 2050-04-16
i  49 -1.23  1    A 2050-04-18
</pre>


```python
# 전체 데이터에서 값이 'A' 또는 0인 셀을 불린 표현으로 열람한다.
__TODO__
```

**실행 결과**
<pre>
       A      B      C      D      E
a  False  False  False   True  False
b  False  False   True   True  False
c  False  False  False   True  False
d  False  False   True  False  False
e  False  False  False  False  False
f  False  False  False  False  False
g  False  False  False  False  False
h  False  False   True  False  False
i  False  False  False   True  False
j  False  False  False  False  False
</pre>

### **isna()** 메소드

데이터 값이 결측치(NaN)가 있는 셀을 불린 표현으로 열람한다.

[pandas.isna](https://pandas.pydata.org/pandas-docs/stable/reference/api/pandas.isna.html#pandas.isna)
- Detect missing values for an array-like object.
- This function takes a scalar or array-like object and indicates whether values are missing (NaN in numeric arrays, None or NaN in object arrays, NaT in datetimelike)
- pandas.**isna**(*obj*)

**[참고]**  
NaN(Not a Number)은 정의할 수 없는 숫자를 나타내는 말로서 
1. 연산을 수행후 그 결과 값을 숫자로 표현할 수 없는 실수(float) 값 또는
1. 판다스에서 결측치(missing data)를 의미할 때 사용한다.


```python
print(df)
```

        A     B  C    D          E
    a  73  0.35  4    A 2050-04-10
    b -29  0.12  0    A 2050-04-11
    c  85  0.71  3    A 2050-04-12
    d -32 -0.09  0    B 2050-04-13
    e  97 -1.21  2    B 2050-04-14
    f  11  1.32  5    b 2050-04-15
    g  55 -0.65  3  NaN 2050-04-16
    h -78  0.34  0    C 2050-04-17
    i  49 -1.23  1    A 2050-04-18
    j  61 -0.79  2    B 2050-04-19



```python
# 전체 데이터에서 결측치가 있는 셀을 불린 표현으로 열람한다.
__TODO__
```

**실행 결과**
<pre>
       A      B      C      D      E
a  False  False  False  False  False
b  False  False  False  False  False
c  False  False  False  False  False
d  False  False  False  False  False
e  False  False  False  False  False
f  False  False  False  False  False
g  False  False  False   True  False
h  False  False  False  False  False
i  False  False  False  False  False
j  False  False  False  False  False
</pre>

# 특정 셀 데이터 열람 

## Selection by Label: **at[]**

행과 열의 이름으로 특정 셀의 데이터를 열람한다.

[pandas.DataFrame.at](https://pandas.pydata.org/pandas-docs/stable/reference/api/pandas.DataFrame.at.html#pandas.DataFrame.at)
- Access a single value for a row/column label pair.
- DataFrame.**at**


```python
print(df)
```

        A     B  C    D          E
    a  73  0.35  4    A 2050-04-10
    b -29  0.12  0    A 2050-04-11
    c  85  0.71  3    A 2050-04-12
    d -32 -0.09  0    B 2050-04-13
    e  97 -1.21  2    B 2050-04-14
    f  11  1.32  5    b 2050-04-15
    g  55 -0.65  3  NaN 2050-04-16
    h -78  0.34  0    C 2050-04-17
    i  49 -1.23  1    A 2050-04-18
    j  61 -0.79  2    B 2050-04-19



```python
# 인덱스 'f' 행의 'B' 열 데이터를 열람한다.
__TODO__
```

**실행 결과**
<pre>1.32</pre>

## Selection by Position: **iat[]**

정수 인덱스로 특정 셀의 데이터를 열람한다.

[pandas.DataFrame.iat](https://pandas.pydata.org/pandas-docs/stable/reference/api/pandas.DataFrame.iat.html#pandas.DataFrame.iat)
- Access a single value for a row/column pair by integer position.
- DataFrame.**iat**


```python
print(df)
```

        A     B  C    D          E
    a  73  0.35  4    A 2050-04-10
    b -29  0.12  0    A 2050-04-11
    c  85  0.71  3    A 2050-04-12
    d -32 -0.09  0    B 2050-04-13
    e  97 -1.21  2    B 2050-04-14
    f  11  1.32  5    b 2050-04-15
    g  55 -0.65  3  NaN 2050-04-16
    h -78  0.34  0    C 2050-04-17
    i  49 -1.23  1    A 2050-04-18
    j  61 -0.79  2    B 2050-04-19



```python
# 마지막 열의 첫 번째 행 데이터를 열람한다.
__TODO__
```

**실행 결과**
<pre>61</pre>

# 정렬(sorting)

열 혹은 행 기준으로 데이터를 정렬할 수 있다.

[pandas.DataFrame.sort_values](https://pandas.pydata.org/pandas-docs/stable/reference/api/pandas.DataFrame.sort_values.html#pandas.DataFrame.sort_values)
- Sort by the values along either axis.
- DataFrame.**sort_values**(*by, axis=0, ascending=True, inplace=False, kind='quicksort', na_position='last'*)
    - ***by*** : *str* or *list of str*
        - Name or list of names to sort by.
        - if *axis* is 0 or *'index'* then **by** may contain index levels and/or column labels
        - if *axis* is 1 or *'columns'* then **by** may contain column levels and/or index labels
    - ***axis*** : {0 or *'index'*, 1 or *'columns'*}, default 0
        - Axis to be sorted


```python
print(df)
```

        A     B  C    D          E
    a  73  0.35  4    A 2050-04-10
    b -29  0.12  0    A 2050-04-11
    c  85  0.71  3    A 2050-04-12
    d -32 -0.09  0    B 2050-04-13
    e  97 -1.21  2    B 2050-04-14
    f  11  1.32  5    b 2050-04-15
    g  55 -0.65  3  NaN 2050-04-16
    h -78  0.34  0    C 2050-04-17
    i  49 -1.23  1    A 2050-04-18
    j  61 -0.79  2    B 2050-04-19



```python
# 'A'열의 값을 기준으로 오름차순 정렬한다.
__TODO__
```

**실행 결과**
<pre>
    A     B  C    D          E
h -78  0.34  0    C 2050-04-17
d -32 -0.09  0    B 2050-04-13
b -29  0.12  0    A 2050-04-11
f  11  1.32  5    b 2050-04-15
i  49 -1.23  1    A 2050-04-18
g  55 -0.65  3  NaN 2050-04-16
j  61 -0.79  2    B 2050-04-19
a  73  0.35  4    A 2050-04-10
c  85  0.71  3    A 2050-04-12
e  97 -1.21  2    B 2050-04-14
</pre>


```python
# 'B'열의 값을 기준으로 내림차순 정렬한다.
__TODO__
```

**실행 결과**
<pre>
    A     B  C    D          E
f  11  1.32  5    b 2050-04-15
c  85  0.71  3    A 2050-04-12
a  73  0.35  4    A 2050-04-10
h -78  0.34  0    C 2050-04-17
b -29  0.12  0    A 2050-04-11
d -32 -0.09  0    B 2050-04-13
g  55 -0.65  3  NaN 2050-04-16
j  61 -0.79  2    B 2050-04-19
e  97 -1.21  2    B 2050-04-14
i  49 -1.23  1    A 2050-04-18
</pre>


```python
# 'D' 열과 'E' 열의 값을 기준으로 오름차순 정렬한다.
__TODO__
```

**실행 결과**
<pre>
    A     B  C    D          E
a  73  0.35  4    A 2050-04-10
b -29  0.12  0    A 2050-04-11
c  85  0.71  3    A 2050-04-12
i  49 -1.23  1    A 2050-04-18
d -32 -0.09  0    B 2050-04-13
e  97 -1.21  2    B 2050-04-14
j  61 -0.79  2    B 2050-04-19
h -78  0.34  0    C 2050-04-17
f  11  1.32  5    b 2050-04-15
g  55 -0.65  3  NaN 2050-04-16
</pre>


```python
# 'D' 열의 값을 기준으로 내림차순 정렬한다.
__TODO__
```

**실행 결과**
<pre>
    A     B  C    D          E
f  11  1.32  5    b 2050-04-15
h -78  0.34  0    C 2050-04-17
d -32 -0.09  0    B 2050-04-13
e  97 -1.21  2    B 2050-04-14
j  61 -0.79  2    B 2050-04-19
a  73  0.35  4    A 2050-04-10
b -29  0.12  0    A 2050-04-11
c  85  0.71  3    A 2050-04-12
i  49 -1.23  1    A 2050-04-18
g  55 -0.65  3  NaN 2050-04-16
</pre>


```python
# 'D' 열의 값을 기준으로 내림차순 정렬한다.
# 이 때 대소문자를 구분하지 않고 정렬한다.
__TODO__
```

**실행 결과**
<pre>
    A     B  C    D          E
h -78  0.34  0    C 2050-04-17
d -32 -0.09  0    B 2050-04-13
e  97 -1.21  2    B 2050-04-14
f  11  1.32  5    b 2050-04-15
j  61 -0.79  2    B 2050-04-19
a  73  0.35  4    A 2050-04-10
b -29  0.12  0    A 2050-04-11
c  85  0.71  3    A 2050-04-12
i  49 -1.23  1    A 2050-04-18
g  55 -0.65  3  NaN 2050-04-16
</pre>


```python
# 'D' 열의 값을 기준으로 오름차순 정렬한다.
# 이 때 결측치 값을 맨 위쪽으로 위치시킨다.
__TODO__
```

**실행 결과**
<pre>
    A     B  C    D          E
g  55 -0.65  3  NaN 2050-04-16
a  73  0.35  4    A 2050-04-10
b -29  0.12  0    A 2050-04-11
c  85  0.71  3    A 2050-04-12
i  49 -1.23  1    A 2050-04-18
d -32 -0.09  0    B 2050-04-13
e  97 -1.21  2    B 2050-04-14
j  61 -0.79  2    B 2050-04-19
h -78  0.34  0    C 2050-04-17
f  11  1.32  5    b 2050-04-15
</pre>

# 전치(transpose)

행과 열을 바꾸어 열람할 수 있다.

[pandas.DataFrame.T](https://pandas.pydata.org/pandas-docs/stable/reference/api/pandas.DataFrame.T.html#pandas.DataFrame.T)
- Transpose index and columns.
- DataFrame.**T**


```python
print(df)
```

        A     B  C    D          E
    a  73  0.35  4    A 2050-04-10
    b -29  0.12  0    A 2050-04-11
    c  85  0.71  3    A 2050-04-12
    d -32 -0.09  0    B 2050-04-13
    e  97 -1.21  2    B 2050-04-14
    f  11  1.32  5    b 2050-04-15
    g  55 -0.65  3  NaN 2050-04-16
    h -78  0.34  0    C 2050-04-17
    i  49 -1.23  1    A 2050-04-18
    j  61 -0.79  2    B 2050-04-19



```python
# 행과 열을 바꾸어 열람한다.
__TODO__
```

**실행 결과**
<pre>
                     a  ...                    j
A                   73  ...                   61
B                 0.35  ...                -0.79
C                    4  ...                    2
D                    A  ...                    B
E  2050-04-10 00:00:00  ...  2050-04-19 00:00:00
</pre>

# 데이터 요약 정보 열람

**describe()** 메소드로 데이터의 요약(수치형인 경우 기술통계량)을 열람할 수 있다.

[pandas.DataFrame.describe](https://pandas.pydata.org/pandas-docs/stable/reference/api/pandas.DataFrame.describe.html#pandas.DataFrame.describe)
- Generate descriptive statistics that summarize the central tendency, dispersion and shape of a dataset’s distribution, excluding NaN values.
- Analyzes both numeric and object series, as well as **DataFrame** column sets of mixed data types. The output will vary depending on what is provided. Refer to the notes below for more detail.
- DataFrame.**describe**(*self, percentiles=None, include=None, exclude=None*)


```python
print(df)
```

        A     B  C    D          E
    a  73  0.35  4    A 2050-04-10
    b -29  0.12  0    A 2050-04-11
    c  85  0.71  3    A 2050-04-12
    d -32 -0.09  0    B 2050-04-13
    e  97 -1.21  2    B 2050-04-14
    f  11  1.32  5    b 2050-04-15
    g  55 -0.65  3  NaN 2050-04-16
    h -78  0.34  0    C 2050-04-17
    i  49 -1.23  1    A 2050-04-18
    j  61 -0.79  2    B 2050-04-19



```python
# 전체 데이터의 기술통계량을 열람한다.
__TODO__
```

**실행 결과**
<pre>
               A          B          C
count  10.000000  10.000000  10.000000
mean   29.200000  -0.113000   2.000000
std    58.360565   0.843472   1.763834
min   -78.000000  -1.230000   0.000000
25%   -19.000000  -0.755000   0.250000
50%    52.000000   0.015000   2.000000
75%    70.000000   0.347500   3.000000
max    97.000000   1.320000   5.000000
</pre>


```python
# --- 특정 열의 기술통계량을 열람한다.
# 'B' 열의 기술통계량을 열람한다.
__TODO__
```

**실행 결과**
<pre>
count    10.000000
mean     -0.113000
std       0.843472
min      -1.230000
25%      -0.755000
50%       0.015000
75%       0.347500
max       1.320000
Name: B, dtype: float64
</pre>


```python
# --- 특정 열의 기술통계량을 열람한다.
# 백분위 수를 30%, 50%, 70%로 하여 'B' 열의 기술통계량을 열람한다. 
__TODO__
```

**실행 결과**
<pre>
count    10.000000
mean     -0.113000
std       0.843472
min      -1.230000
30%      -0.692000
50%       0.015000
70%       0.343000
max       1.320000
Name: B, dtype: float64
</pre>


```python
# --- 특정 열의 기술통계량을 열람한다.
# 백분위 수는 50%만 하고 'B' 열의 기술통계량을 열람한다. 
__TODO__
```

**실행 결과**
<pre>
count    10.000000
mean     -0.113000
std       0.843472
min      -1.230000
50%       0.015000
max       1.320000
Name: B, dtype: float64
</pre>


```python
# --- 수치 데이터가 없는 특정 열의 기술통계량을 열람한다.
# 'D' 열의 기술통계량을 열람한다. 
__TODO__
```

**실행 결과**
<pre>
count     9
unique    4
top       A
freq      4
Name: D, dtype: object
</pre>


```python
# --- 일부(2개 이상) 열의 기술통계량을 열람한다.
# 'B'와 'A' 열의 기술통계량을 열람한다.
__TODO__
```

**실행 결과**
<pre>
               B          A
count  10.000000  10.000000
mean   -0.113000  29.200000
std     0.843472  58.360565
min    -1.230000 -78.000000
25%    -0.755000 -19.000000
50%     0.015000  52.000000
75%     0.347500  70.000000
max     1.320000  97.000000
</pre>


```python
# --- 특정 행의 기술통계량을 열람한다.
# 인덱스 'g' 행의 기술통계량을 열람한다.
__TODO__
```

**실행 결과**
<pre>
count      4
unique     4
top       55
freq       1
Name: g, dtype: int64
</pre>


```python
# --- 특정 행의 기술통계량을 열람한다.
# 마지막 행의 기술통계량을 열람한다.
__TODO__
```

**실행 결과**
<pre>
count      5
unique     5
top       61
freq       1
Name: j, dtype: int64
</pre>


```python
# --- 특정 행의 일부 열의 기술통계량을 열람한다.
# 인덱스 'c' 행의 'A'와 'B' 열의 기술통계량을 열람한다.
__TODO__
```

**실행 결과**
<pre>
count      2.0
unique     2.0
top       85.0
freq       1.0
Name: c, dtype: float64
</pre>


```python
# --- 일부(2개 이상) 행의 기술통계량을 열람한다.
# 백분위 수를 25%, 50%로 하여 인덱스 'h', 'i', 'j' 행의 기술통계량을 열람한다.
__TODO__
```

**실행 결과**
<pre>
               A         B    C
count   3.000000  3.000000  3.0
mean   10.666667 -0.560000  1.0
std    77.021642  0.809877  1.0
min   -78.000000 -1.230000  0.0
25%   -14.500000 -1.010000  0.5
50%    49.000000 -0.790000  1.0
max    61.000000  0.340000  2.0
</pre>


```python
# --- 일부(2개 이상) 행의 일부 열의 기술통계량을 열람한다.
# 백분위 수는 50%만 하고 첫 5개 행의 'A', 'B' 열의 기술통계량을 열람한다.
__TODO__
```

**실행 결과**
<pre>
               A         B
count   5.000000  5.000000
mean   38.800000 -0.024000
std    63.837293  0.726347
min   -32.000000 -1.210000
50%    73.000000  0.120000
max    97.000000  0.710000
</pre>

- - -

# THE END
