- - -

# 판다스 입문 : 데이터프레임 인덱스

### Pandas Primer: Indexing DataFrame

* * *

**박 진 수** 교수  
Intelligent Data Semantics Lab  
Seoul National University

- - -

<h3>Table of Contents<span class="tocSkip"></span></h3>
<div class="toc"><ul class="toc-item"><li><span><a href="#set_index-메소드" data-toc-modified-id="set_index-메소드-1"><strong>set_index</strong> 메소드</a></span><ul class="toc-item"><li><span><a href="#단일-인덱스" data-toc-modified-id="단일-인덱스-1.1">단일 인덱스</a></span></li><li><span><a href="#다중-인덱스" data-toc-modified-id="다중-인덱스-1.2">다중 인덱스</a></span></li></ul></li><li><span><a href="#reindex-메소드" data-toc-modified-id="reindex-메소드-2"><strong>reindex</strong> 메소드</a></span></li><li><span><a href="#reset_index-메소드" data-toc-modified-id="reset_index-메소드-3"><strong>reset_index</strong> 메소드</a></span></li><li><span><a href="#set_index-vs.-reindex-vs.-reset_index" data-toc-modified-id="set_index-vs.-reindex-vs.-reset_index-4"><strong>set_index</strong> vs. <strong>reindex</strong> vs. <strong>reset_index</strong></a></span><ul class="toc-item"><li><span><a href="#기존-열을-인덱스로-사용할-경우" data-toc-modified-id="기존-열을-인덱스로-사용할-경우-4.1">기존 열을 인덱스로 사용할 경우</a></span></li><li><span><a href="#새로운-인덱스를-사용할-경우" data-toc-modified-id="새로운-인덱스를-사용할-경우-4.2">새로운 인덱스를 사용할 경우</a></span></li><li><span><a href="#원본-데이터프레임-자체의-인덱스-갱신" data-toc-modified-id="원본-데이터프레임-자체의-인덱스-갱신-4.3">원본 데이터프레임 자체의 인덱스 갱신</a></span></li></ul></li><li><span><a href="#다중-인덱스" data-toc-modified-id="다중-인덱스-5">다중 인덱스</a></span><ul class="toc-item"><li><span><a href="#from_arrays와-from_tuples" data-toc-modified-id="from_arrays와-from_tuples-5.1"><strong>from_arrays</strong>와 <strong>from_tuples</strong></a></span></li><li><span><a href="#from_product" data-toc-modified-id="from_product-5.2"><strong>from_product</strong></a></span></li></ul></li></ul></div>


```python
import pandas, numpy

print('Pandas version...:', pandas.__version__)
print('NumPy version....:', numpy.__version__)
```

```python
n = 4, 0, 3, 0, 2, 5, 3, 0, 1, 2
integers = 73, -29, 85, -32, 97, 11, 55, -78, 49, 61
floats = 0.35,  0.12,  0.71, -0.09, -1.21, 1.32, -0.65, 0.34, -1.23, -0.79
grades = list('AAABBb') + [numpy.nan] + list('CAB')

df = pandas.DataFrame({'A': integers,
                       'B': floats,
                       'C': n,
                       'D': pandas.Categorical(grades),
                       'E': pandas.date_range('2050-4-10', periods=10)},
                      index=list('abcdefghij'))
print(df)
```

        A     B  C    D          E
    a  73  0.35  4    A 2050-04-10
    b -29  0.12  0    A 2050-04-11
    c  85  0.71  3    A 2050-04-12
    d -32 -0.09  0    B 2050-04-13
    e  97 -1.21  2    B 2050-04-14
    f  11  1.32  5    b 2050-04-15
    g  55 -0.65  3  NaN 2050-04-16
    h -78  0.34  0    C 2050-04-17
    i  49 -1.23  1    A 2050-04-18
    j  61 -0.79  2    B 2050-04-19


# **set_index** 메소드 

하나 이상의 열 또는 배열을 인덱스로 설정한다.
- 특정 열 한 개 또는 여러 개를 인덱스로 지정하거나 
- 리스트나 배열을 인덱스로 지정할 때 사용한다.
- 중복 값이 없어야 한다.
- 데이터프레임 자체의 원래 인덱스를 바꾸려면 **inplace=True**로 설정해야 한다.

[pandas.DataFrame.set_index](https://pandas.pydata.org/pandas-docs/stable/reference/api/pandas.DataFrame.set_index.html#pandas.DataFrame.set_index)
- Set the DataFrame index (row labels) using one or more existing columns or arrays (of the correct length). The index can replace the existing index or expand on it.
- DataFrame.**set_index**(*self, keys, drop=True, append=False, inplace=False, verify_integrity=False*)
    - **Parameters**
        - ***keys*** : *label* or *array-like* or *list of labels/arrays*
            - This parameter can be either a single column key, a single array of the same length as the calling DataFrame, or a list containing an arbitrary combination of column keys and arrays. Here, “array” encompasses **Series**, **Index**, **numpy.ndarray**, and instances of **Iterator**.
        - ***drop*** : *bool*, default True
            - Delete columns to be used as the new index.
        - ***append*** : *bool*, default False
            - Whether to append columns to existing index.
        - ***inplace*** : *bool*, default False
            - Modify the DataFrame in place (do not create a new object).
        - ***verify_integrity*** : *bool*, *default False*
            - Check the new index for duplicates. Otherwise defer the check until necessary. Setting to False will improve the performance of this method.     
    - **Returns**
        - *DataFrame* : Changed row labels.

## 단일 인덱스


```python
# 아래 실행 결과와 같이 새로운 인덱스를 지정한다.
__TODO__
```

**실행 결과**
<pre>
     A     B  C    D          E
11  73  0.35  4    A 2050-04-10
12 -29  0.12  0    A 2050-04-11
13  85  0.71  3    A 2050-04-12
14 -32 -0.09  0    B 2050-04-13
15  97 -1.21  2    B 2050-04-14
16  11  1.32  5    b 2050-04-15
17  55 -0.65  3  NaN 2050-04-16
18 -78  0.34  0    C 2050-04-17
19  49 -1.23  1    A 2050-04-18
20  61 -0.79  2    B 2050-04-19
</pre>


```python
# 기존 열 'E'를 인덱스로 지정한다.
__TODO__
```

**실행 결과**
<pre>
             A     B  C    D
E                           
2050-04-10  73  0.35  4    A
2050-04-11 -29  0.12  0    A
2050-04-12  85  0.71  3    A
2050-04-13 -32 -0.09  0    B
2050-04-14  97 -1.21  2    B
2050-04-15  11  1.32  5    b
2050-04-16  55 -0.65  3  NaN
2050-04-17 -78  0.34  0    C
2050-04-18  49 -1.23  1    A
2050-04-19  61 -0.79  2    B
</pre>

## 다중 인덱스


```python
# 아래 실행 결과와 같이 새로운 인덱스 두 개를 지정한다.
idx1 = __TODO__
idx2 = __TODO__
__TODO__
```

**실행 결과**
<pre>
       A     B  C    D          E
11 7  73  0.35  4    A 2050-04-10
12 2 -29  0.12  0    A 2050-04-11
13 8  85  0.71  3    A 2050-04-12
14 2 -32 -0.09  0    B 2050-04-13
15 6  97 -1.21  2    B 2050-04-14
16 4  11  1.32  5    b 2050-04-15
17 1  55 -0.65  3  NaN 2050-04-16
18 5 -78  0.34  0    C 2050-04-17
19 2  49 -1.23  1    A 2050-04-18
20 5  61 -0.79  2    B 2050-04-19
</pre>


```python
# 아래 실행 결과와 같이 새로운 인덱스와 기존 열을 인덱스로 지정한다.
idx = __TODO__
__TODO__
```

**실행 결과**
<pre>
      A     B    D          E
  C                          
0 4  73  0.35    A 2050-04-10
1 0 -29  0.12    A 2050-04-11
2 3  85  0.71    A 2050-04-12
3 0 -32 -0.09    B 2050-04-13
4 2  97 -1.21    B 2050-04-14
5 5  11  1.32    b 2050-04-15
6 3  55 -0.65  NaN 2050-04-16
7 0 -78  0.34    C 2050-04-17
8 1  49 -1.23    A 2050-04-18
9 2  61 -0.79    B 2050-04-19
</pre>


```python
# 아래 실행 결과와 같이 기존 열과 기존 인덱스를 인덱스로 지정한다.
__TODO__
```

**실행 결과**
<pre>
      A     B    D          E
C                            
4 a  73  0.35    A 2050-04-10
0 b -29  0.12    A 2050-04-11
3 c  85  0.71    A 2050-04-12
0 d -32 -0.09    B 2050-04-13
2 e  97 -1.21    B 2050-04-14
5 f  11  1.32    b 2050-04-15
3 g  55 -0.65  NaN 2050-04-16
0 h -78  0.34    C 2050-04-17
1 i  49 -1.23    A 2050-04-18
2 j  61 -0.79    B 2050-04-19
</pre>


```python
# 아래 실행 결과와 같이 기존 열 두 개를 인덱스로 지정한다.
__TODO__
```

**실행 결과**
<pre>
                   B  C    D
E          A                
2050-04-10  73  0.35  4    A
2050-04-11 -29  0.12  0    A
2050-04-12  85  0.71  3    A
2050-04-13 -32 -0.09  0    B
2050-04-14  97 -1.21  2    B
2050-04-15  11  1.32  5    b
2050-04-16  55 -0.65  3  NaN
2050-04-17 -78  0.34  0    C
2050-04-18  49 -1.23  1    A
2050-04-19  61 -0.79  2    B
</pre>


```python
print(df)  # 원본 데이터프레임은 그대로다.
```

        A     B  C    D          E
    a  73  0.35  4    A 2050-04-10
    b -29  0.12  0    A 2050-04-11
    c  85  0.71  3    A 2050-04-12
    d -32 -0.09  0    B 2050-04-13
    e  97 -1.21  2    B 2050-04-14
    f  11  1.32  5    b 2050-04-15
    g  55 -0.65  3  NaN 2050-04-16
    h -78  0.34  0    C 2050-04-17
    i  49 -1.23  1    A 2050-04-18
    j  61 -0.79  2    B 2050-04-19


# **reindex** 메소드 

데이터프레임을 새로 지정한 인덱스에 맞춘다. 이때 새로 지정한 인덱스에 값이 없는 경우에는 NaN가 주어진다.
- 데이터프레임 자체의 원래 인덱스를 바꾸려면 **inplace=True**로 설정해야 한다.

[pandas.DataFrame.reindex](https://pandas.pydata.org/pandas-docs/stable/reference/api/pandas.DataFrame.reindex.html#pandas.DataFrame.reindex)
- Conform DataFrame to new index with optional filling logic, placing NA/NaN in locations having no value in the previous index. A new object is produced unless the new index is equivalent to the current one and **copy=False**.
- DataFrame.**reindex**(*self, labels=None, index=None, columns=None, axis=None, method=None, copy=True, level=None, fill_value=nan, limit=None, tolerance=None*)
    - **Parameters**
        - ***labels*** : *array-like*, optional
            - New labels / index to conform the axis specified by ‘axis’ to.
        - ***index***, ***columns*** : *array-like*, optional
            - New labels / index to conform to, should be specified using keywords. Preferably an Index object to avoid duplicating data
        - ***axis*** : *int* or *str*, optional
            - Axis to target. Can be either the axis name (*'index'*, *'columns'*) or number (0, 1).
        - ***method*** : {*None*, *'backfill'/'bfill'*, *'pad'/'ffill'*, *'nearest'*}
            - Method to use for filling holes in reindexed DataFrame. Please note: this is only applicable to DataFrames/Series with a monotonically increasing/decreasing index.
            - *None* (default): don’t fill gaps
            - *pad* / *ffill*: propagate last valid observation forward to next valid
            - *backfill* / *bfill*: use next valid observation to fill gap
            - *nearest*: use nearest valid observations to fill gap
        - ***copy*** : *bool*, default True
            - Return a new object, even if the passed indexes are the same.
        - ***level*** : *int* or *name*
            - Broadcast across a level, matching Index values on the passed MultiIndex level.
        - ***fill_value*** : *scalar*, default np.NaN
           - Value to use for missing values. Defaults to NaN, but can be any “compatible” value.
        - ***limit*** : *int*, default None
            - Maximum number of consecutive elements to forward or backward fill.
        - ***tolerance*** : optional
            - Maximum distance between original and new labels for inexact matches. The values of the index at the matching locations most satisfy the equation **abs(index[*indexer*] - target)** <= tolerance.
            - Tolerance may be a scalar value, which applies the same tolerance to all values, or list-like, which applies variable tolerance per element. List-like includes list, tuple, array, Series, and must be the same size as the index and its dtype must exactly match the index’s type.
    - **Returns**
        - *DataFrame* with changed index.


```python
# reindex 메소드로 다음 인덱스 값으로 새로 지정한다.
# 'h', 'i', 'j', 'k', 'l', 'm', 'n'
__TODO__
```

**실행 결과**
<pre>
      A     B    C    D          E
h -78.0  0.34  0.0    C 2050-04-17
i  49.0 -1.23  1.0    A 2050-04-18
j  61.0 -0.79  2.0    B 2050-04-19
k   NaN   NaN  NaN  NaN        NaT
l   NaN   NaN  NaN  NaN        NaT
m   NaN   NaN  NaN  NaN        NaT
n   NaN   NaN  NaN  NaN        NaT
</pre>


```python
print(df)  # 원본 데이터프레임은 그대로다.
```

        A     B  C    D          E
    a  73  0.35  4    A 2050-04-10
    b -29  0.12  0    A 2050-04-11
    c  85  0.71  3    A 2050-04-12
    d -32 -0.09  0    B 2050-04-13
    e  97 -1.21  2    B 2050-04-14
    f  11  1.32  5    b 2050-04-15
    g  55 -0.65  3  NaN 2050-04-16
    h -78  0.34  0    C 2050-04-17
    i  49 -1.23  1    A 2050-04-18
    j  61 -0.79  2    B 2050-04-19


# **reset_index** 메소드 

인덱스를 기본값 상태로 바꾼다.
- 데이터프레임 자체의 원래 인덱스를 바꾸려면 **inplace=True**로 설정해야 한다.

[pandas.DataFrame.reset_index](https://pandas.pydata.org/pandas-docs/stable/reference/api/pandas.DataFrame.reset_index.html#pandas.DataFrame.reset_index)
- Reset the index, or a level of it.
- Reset the index of the DataFrame, and use the default one instead. If the DataFrame has a MultiIndex, this method can remove one or more levels.
- DataFrame.**reset_index**(*self, level=None, drop=False, inplace=False, col_level=0, col_fill=''*)
    - **Parameters**
        - ***level*** : *int*, *str*, *tuple*, or *list*, default None
            - Only remove the given levels from the index. Removes all levels by default.
        - ***drop*** : *bool*, default False
            - Do not try to insert index into dataframe columns. This resets the index to the default integer index.
        - ***inplace*** : *bool*, default False
            - Modify the DataFrame in place (do not create a new object).
        - ***col_level*** : *int* or *str*, default 0
            - If the columns have multiple levels, determines which level the labels are inserted into. By default it is inserted into the first level.
        - ***col_fill*** : *object*, default ''
            - If the columns have multiple levels, determines how the other levels are named. If None then the index name is repeated.

    - **Returns**
        - *DataFrame* with the new index.


```python
print(df)
```

        A     B  C    D          E
    a  73  0.35  4    A 2050-04-10
    b -29  0.12  0    A 2050-04-11
    c  85  0.71  3    A 2050-04-12
    d -32 -0.09  0    B 2050-04-13
    e  97 -1.21  2    B 2050-04-14
    f  11  1.32  5    b 2050-04-15
    g  55 -0.65  3  NaN 2050-04-16
    h -78  0.34  0    C 2050-04-17
    i  49 -1.23  1    A 2050-04-18
    j  61 -0.79  2    B 2050-04-19



```python
# reset_index로 인덱스를 기본값 상태로 바꾼다.
__TODO__
```

**실행 결과**
<pre>
  index   A     B  C    D          E
0     a  73  0.35  4    A 2050-04-10
1     b -29  0.12  0    A 2050-04-11
2     c  85  0.71  3    A 2050-04-12
3     d -32 -0.09  0    B 2050-04-13
4     e  97 -1.21  2    B 2050-04-14
5     f  11  1.32  5    b 2050-04-15
6     g  55 -0.65  3  NaN 2050-04-16
7     h -78  0.34  0    C 2050-04-17
8     i  49 -1.23  1    A 2050-04-18
9     j  61 -0.79  2    B 2050-04-19
</pre>


```python
# 기존의 인덱스를 삭제하면서 새로운 열로 추가하지 않는다.
__TODO__
```

**실행 결과**
<pre>
    A     B  C    D          E
0  73  0.35  4    A 2050-04-10
1 -29  0.12  0    A 2050-04-11
2  85  0.71  3    A 2050-04-12
3 -32 -0.09  0    B 2050-04-13
4  97 -1.21  2    B 2050-04-14
5  11  1.32  5    b 2050-04-15
6  55 -0.65  3  NaN 2050-04-16
7 -78  0.34  0    C 2050-04-17
8  49 -1.23  1    A 2050-04-18
9  61 -0.79  2    B 2050-04-19
</pre>


```python
print(df)  # 원본 데이터프레임은 그대로이다.
```

        A     B  C    D          E
    a  73  0.35  4    A 2050-04-10
    b -29  0.12  0    A 2050-04-11
    c  85  0.71  3    A 2050-04-12
    d -32 -0.09  0    B 2050-04-13
    e  97 -1.21  2    B 2050-04-14
    f  11  1.32  5    b 2050-04-15
    g  55 -0.65  3  NaN 2050-04-16
    h -78  0.34  0    C 2050-04-17
    i  49 -1.23  1    A 2050-04-18
    j  61 -0.79  2    B 2050-04-19


# **set_index** vs. **reindex** vs. **reset_index**


```python
df = pandas.DataFrame({'A': list(range(1, 6)), 
                       'B': list(range(2, 7)),
                       'C': list(range(3, 8))},
                      index=list(range(1, 6)))
print(df)
```

       A  B  C
    1  1  2  3
    2  2  3  4
    3  3  4  5
    4  4  5  6
    5  5  6  7


## 기존 열을 인덱스로 사용할 경우


```python
# --- set_index로 기존의 열 'A'를 인덱스로 한다.
# 기존 열이 인덱스로 바뀐다.
__TODO__
```

**실행 결과**
<pre>
   B  C
A      
1  2  3
2  3  4
3  4  5
4  5  6
5  6  7
</pre>


```python
# --- reindex로 기존의 열 'A'를 인덱스로 한다.
# 기존 열은 그대로 있다.
__TODO__
```

**실행 결과**
<pre>
   A  B  C
A         
1  1  2  3
2  2  3  4
3  3  4  5
4  4  5  6
5  5  6  7
</pre>


```python
# --- set_index로 기존의 열 'C'를 인덱스로 하고 인덱스로 사용한 열을 그대로 둔다.
# 기존 열이 인덱스로 바뀐다.
__TODO__
```

**실행 결과**
<pre>
   A  B  C
C         
3  1  2  3
4  2  3  4
5  3  4  5
6  4  5  6
7  5  6  7
</pre>


```python
# --- reindex로 기존의 C'를 인덱스로 한다.
# 기존 열은 그대로 있다. 그리고 새로 생긴 인덱스의 값은 NaN가 주어진다.
__TODO__
```

**실행 결과**
<pre>
     A    B    C
C               
3  3.0  4.0  5.0
4  4.0  5.0  6.0
5  5.0  6.0  7.0
6  NaN  NaN  NaN
7  NaN  NaN  NaN
</pre>


```python
print(df)  # 원본 데이터프레임은 그대로이다.
```

       A  B  C
    1  1  2  3
    2  2  3  4
    3  3  4  5
    4  4  5  6
    5  5  6  7


## 새로운 인덱스를 사용할 경우


```python
# --- set_index로 아래 실행 결과와 같이 새로운 인덱스를 지정한다.
# 전달인자를 대괄호로 묶어야 한다.
# 기본적으로 인덱스의 중복값을 확인하지 않는다.
__TODO__
```

**실행 결과**
<pre>
   A  B  C
a  1  2  3
b  2  3  4
c  3  4  5
c  4  5  6
e  5  6  7
</pre>


```python
# --- set_index로 인덱스의 중복을 확인하려면...
# set_index로 새로운 인덱스를 지정한다.
# 새로운 인덱스로 'a', 'b', 'c', 'c', 'e'를 지정한다.
# 이 때 중복을 확인한다. 인덱스에 중복값이 있어 오류가 난다.
__TODO__
```

**실행 결과**
<pre>
...
ValueError: Index has duplicate keys: Index(['c'], dtype='object')
</pre>


```python
# --- set_index로 새로운 인덱스를 지정하고 중복을 확인한다.
# 새로운 인덱스로 'a', 'b', 'c', 'd', 'e'를 지정한다.
# 전달인자를 대괄호로 묶어야 한다.
__TODO__
```

**실행 결과**
<pre>
   A  B  C
a  1  2  3
b  2  3  4
c  3  4  5
d  4  5  6
e  5  6  7
</pre>


```python
print(df)  # 원본 데이터프레임은 그대로이다.
```

       A  B  C
    1  1  2  3
    2  2  3  4
    3  3  4  5
    4  4  5  6
    5  5  6  7



```python
# --- reindex로 새로운 인덱스를 지정한다.
# 새로운 인덱스로 5, 3, 1, 2, 4를 지정한다.
# set_index처럼 전달인자를 대괄호로 묶으면 기존 인덱스를 인식 못한다.
__TODO__
```

**실행 결과**
<pre>
    A   B   C
5 NaN NaN NaN
3 NaN NaN NaN
1 NaN NaN NaN
2 NaN NaN NaN
4 NaN NaN NaN
</pre>


```python
# --- reindex로 새로운 인덱스를 지정한다.
# 새로운 인덱스로 5, 3, 1, 2, 4를 지정한다.
# 전달인자를 대괄호로 묶지 않는다.
__TODO__
```

**실행 결과**
<pre>
   A  B  C
5  5  6  7
3  3  4  5
1  1  2  3
2  2  3  4
4  4  5  6
</pre>


```python
# --- reindex로 새로운 인덱스를 지정한다.
# 새로운 인덱스로 5, 3, 1, 8, 7를 지정한다.
# 전달인자를 대괄호로 묶지 않는다.
__TODO__
```

**실행 결과**
<pre>
     A    B    C
5  5.0  6.0  7.0
3  3.0  4.0  5.0
1  1.0  2.0  3.0
8  NaN  NaN  NaN
7  NaN  NaN  NaN
</pre>


```python
# --- reindex로 새로운 인덱스를 지정하면서 결측치의 채움 값을 'missing'으로 지정한다.
# 새로운 인덱스로 5, 3, 1, 8, 7를 지정한다.
__TODO__
```

**실행 결과**
<pre>
         A        B        C
5        5        6        7
3        3        4        5
1        1        2        3
8  missing  missing  missing
7  missing  missing  missing
</pre>


```python
# --- reindex로 아래 실행 결과와 같이 새로운 인덱스를 지정한다.
__TODO__
```

**실행 결과**
<pre>
   A  B  C
1  1  2  3
2  2  3  4
3  3  4  5
</pre>


```python
# --- reindex로 축 기준을 행으로 하는 새로운 인덱스를 지정한다.
__TODO__
```

**실행 결과**
<pre>
   A  B  C
1  1  2  3
2  2  3  4
3  3  4  5
</pre>


```python
# --- reindex로 축 기준을 열로 하는 새로운 인덱스를 지정한다.
__TODO__
```

**실행 결과**
<pre>
    1   2   3
1 NaN NaN NaN
2 NaN NaN NaN
3 NaN NaN NaN
4 NaN NaN NaN
5 NaN NaN NaN
</pre>


```python
print(df)  # 원본 데이터프레임은 그대로이다.
```

       A  B  C
    1  1  2  3
    2  2  3  4
    3  3  4  5
    4  4  5  6
    5  5  6  7



```python
# --- reset_index로 인덱스를 기본값 상태로 바꾼다.
# 기본값은 0부터 시작하는 정수값을 가지는 인덱스다.
__TODO__
```

**실행 결과**
<pre>
   index  A  B  C
0      1  1  2  3
1      2  2  3  4
2      3  3  4  5
3      4  4  5  6
4      5  5  6  7
</pre>


```python
# --- reset_index로 인덱스를 기본값 상태로 바꾼다.
# 기본값은 0부터 시작하는 정수값을 가지는 인덱스다.
# 기존 인덱스를 열로 추가하지 않는다.
__TODO__
```

**실행 결과**
<pre>
   A  B  C
0  1  2  3
1  2  3  4
2  3  4  5
3  4  5  6
4  5  6  7
</pre>


```python
print(df) # 원본 데이터프레임은 그대로이다.
```

       A  B  C
    1  1  2  3
    2  2  3  4
    3  3  4  5
    4  4  5  6
    5  5  6  7


## 원본 데이터프레임 자체의 인덱스 갱신


```python
df2 = df.copy()
print(df2)
```

       A  B  C
    1  1  2  3
    2  2  3  4
    3  3  4  5
    4  4  5  6
    5  5  6  7



```python
# --- set_index로 원본 데이터프레임 자체의 인덱스를 기존 열 'B'로 바꾼다.
__TODO__
print(df2)  # 원본 데이터프레임이 바뀌었다.
```

**실행 결과**
<pre>
   A  C
B      
2  1  3
3  2  4
4  3  5
5  4  6
6  5  7
</pre>


```python
# --- reset_index로 원본 데이터프레임 자체의 인덱스를 기본값 상태로 바꾼다.
# 기본값은 0부터 시작하는 정수값을 가지는 인덱스다.
__TODO__
print(df2)  # 원본 데이터프레임이 바뀌었다.
```

**실행 결과**
<pre>
   B  A  C
0  2  1  3
1  3  2  4
2  4  3  5
3  5  4  6
4  6  5  7
</pre>


```python
# --- set_index로 원본 데이터프레임 자체의 인덱스를 새로운 인덱스로 바꾼다.
# 새로운 인덱스로 'a', 'b', 'c', 'd', 'e'를 지정한다.
__TODO__
print(df2)  # 원본 데이터프레임이 바뀌었다.   
```

**실행 결과**
<pre>
   B  A  C
a  2  1  3
b  3  2  4
c  4  3  5
d  5  4  6
e  6  5  7
</pre>


```python
# --- reindex로는  원본 데이터프레임 자체의 인덱스를 바꿀 수 없다.
# 따라서 결괏값을 새로운 변수에 할당해야 한다.
# 새로운 인덱스로 'e', 'c', 'd', 'x', 'y', 'z'를 지정한다.
df3 = df2.reindex(__TODO__)
print(df3)
print(df2)
```

**실행 결과**
<pre>
     B    A    C
e  6.0  5.0  7.0
c  4.0  3.0  5.0
d  5.0  4.0  6.0
x  NaN  NaN  NaN
y  NaN  NaN  NaN
z  NaN  NaN  NaN

   B  A  C
a  2  1  3
b  3  2  4
c  4  3  5
d  5  4  6
e  6  5  7
</pre>


```python
# --- reset_index로 원본 데이터프레임 자체의 인덱스를 기본값 상태로 바꾼다.
# 기본값은 0부터 시작하는 정수값을 가지는 인덱스다.
# 기존 인덱스를 열로 추가하지 않는다.
df2.reset_index(__TODO__)
print(df2)
```

**실행 결과**
<pre>
   B  A  C
0  2  1  3
1  3  2  4
2  4  3  5
3  5  4  6
4  6  5  7
</pre>

# 다중 인덱스

인덱스 레벨을 다중으로 둘 수 있다.

[pandas.MultiIndex](https://pandas.pydata.org/pandas-docs/stable/reference/api/pandas.MultiIndex.html#pandas.MultiIndex)
- A multi-level, or hierarchical, index object for pandas objects.
- pandas.**MultiIndex**
    - ***levels*** : *sequence of arrays*
        - The unique labels for each level.
    - ***codes*** : *sequence of arrays*
        - Integers for each level designating which label at each location.
    - ***labels*** : *sequence of arrays*
        - Integers for each level designating which label at each location.
        - **Deprecated** since version 0.24.0: Use ***codes*** instead
    - ***sortorder*** : optional *int*
        - Level of sortedness (must be lexicographically sorted by that level).
    - ***names*** : optional *sequence of objects*
        - Names for each of the index levels. (name is accepted for compat).
    - ***copy*** : *bool*, default False
        - Copy the meta-data.
    - ***verify_integrity*** : *bool*, default True
        - Check that the levels/codes are consistent and valid.


```python
idx = pandas.MultiIndex(levels=[['python', 'C', 'java'], 
                                ['entry', 'intermediate', 'advanced']],
                        codes=[[0, 0, 0, 2, 2, 2, 1, 1, 1],
                               [0, 1, 2, 0, 1, 2, 2, 1, 0]])

df = pandas.DataFrame(index=idx, columns=['pass', 'fail'],
                      data=numpy.arange(1, 19).reshape(9, 2))
print(df)
```

                         pass  fail
    python entry            1     2
           intermediate     3     4
           advanced         5     6
    java   entry            7     8
           intermediate     9    10
           advanced        11    12
    C      advanced        13    14
           intermediate    15    16
           entry           17    18



```python
idx = pandas.MultiIndex(levels=[['python', 'C', 'java'], 
                                ['entry', 'intermediate', 'advanced']],
                        codes=[[0, 0, 0, 2, 2, 2, 1, 1, 1],
                               [0, 1, 2, 0, 1, 2, 2, 1, 0]])

col = pandas.MultiIndex(levels=[['CS', 'Non-CS'], ['pass', 'fail']],
                        codes=[[1, 1, 0, 0], [0, 1, 1, 0]])

df = pandas.DataFrame(index=idx, columns=col,
                      data=numpy.arange(1, 37).reshape(9, 4))

print(df)                              
```

                        Non-CS        CS     
                          pass fail fail pass
    python entry             1    2    3    4
           intermediate      5    6    7    8
           advanced          9   10   11   12
    java   entry            13   14   15   16
           intermediate     17   18   19   20
           advanced         21   22   23   24
    C      advanced         25   26   27   28
           intermediate     29   30   31   32
           entry            33   34   35   36


## **from_arrays** 와 **from_tuples**

[pandas.MultiIndex.from_arrays](https://pandas.pydata.org/pandas-docs/stable/reference/api/pandas.MultiIndex.from_arrays.html#pandas.MultiIndex.from_arrays)
- Convert arrays to MultiIndex.
- *classmethod* MultiIndex.**from_arrays**(*arrays, sortorder=None, names=None*)
    - ***names*** : *list* / *sequence of str*, optional
        - Names for the levels in the index.

[pandas.MultiIndex.from_tuples](https://pandas.pydata.org/pandas-docs/stable/reference/api/pandas.MultiIndex.from_tuples.html#pandas.MultiIndex.from_tuples)
- Convert list of tuples to MultiIndex.
- *classmethod* MultiIndex.**from_tupless**(*tuples, sortorder=None, names=None*)
    - ***names*** : *list* / *sequence of str*, optional
        - Names for the levels in the index.


```python
idx = pandas.MultiIndex.from_arrays([
    ['python', 'python', 'python', 'java', 'java', 'java', 'C', 'C', 'C'],
    ['entry', 'intermediate', 'advanced', 'entry', 'intermediate', 'advanced', 'advanced', 'intermediate', 'entry']],
    names=['languages', 'levels'])

col = pandas.MultiIndex.from_tuples([('Non-CS', 'pass'), ('Non-CS', 'fail'),
                                     ('CS', 'fail'), ('CS', 'pass')],
                                    names=['major', 'grade'])

df = pandas.DataFrame(index=idx, columns=col,
                      data=numpy.arange(1, 37).reshape(9, 4))

print(df)                              
```

    major                  Non-CS        CS     
    grade                    pass fail fail pass
    languages levels                            
    python    entry             1    2    3    4
              intermediate      5    6    7    8
              advanced          9   10   11   12
    java      entry            13   14   15   16
              intermediate     17   18   19   20
              advanced         21   22   23   24
    C         advanced         25   26   27   28
              intermediate     29   30   31   32
              entry            33   34   35   36


## **from_product**

[pandas.MultiIndex.from_product](https://pandas.pydata.org/pandas-docs/stable/reference/api/pandas.MultiIndex.from_product.html#pandas.MultiIndex.from_product)
- Convert list of tuples to MultiIndex.
- *classmethod* MultiIndex.**from_product**(*iterables, sortorder=None, names=None*)
    - ***names*** : *list* / *sequence of str*, optional
        - Names for the levels in the index.


```python
idx = pandas.MultiIndex.from_product((('python', 'C', 'java'),
                                      ['entry', 'intermediate', 'advanced'],
                                      set('AB')), 
                                     names=['languages', 'levels', 'class'])

col = pandas.MultiIndex.from_product([['Non-CS', 'CS'], ('pass', 'fail')],
                                     names=['major', 'grade'])

df = pandas.DataFrame(index=idx, columns=col,
                      data=numpy.arange(1, 73).reshape(18, 4))

print(df)
```

    major                        Non-CS        CS     
    grade                          pass fail pass fail
    languages levels       class                      
    python    entry        A          1    2    3    4
                           B          5    6    7    8
              intermediate A          9   10   11   12
                           B         13   14   15   16
              advanced     A         17   18   19   20
                           B         21   22   23   24
    C         entry        A         25   26   27   28
                           B         29   30   31   32
              intermediate A         33   34   35   36
                           B         37   38   39   40
              advanced     A         41   42   43   44
                           B         45   46   47   48
    java      entry        A         49   50   51   52
                           B         53   54   55   56
              intermediate A         57   58   59   60
                           B         61   62   63   64
              advanced     A         65   66   67   68
                           B         69   70   71   72


- - -

# THE END
